1.609438
1.774952
1.887070
2.572612
0.4700036
0.2623643
0.3364722
0.7884574
1.223775
0.7884574
2.282382
2.208274
1.824549
2.208274
1.335001
1.704748
1.667707
1.252763
0.8329091
0.09531018
0.9932518
2.104134
0.4700036
0
0.2623643
0.2623643
1.252763
2.468100
2.163323
1.931521
2.884801
2.370244
2.406945
0.9555114
0.5877867
1.589235
1.458615
2.091864
1.458615
2.054124
0
0.09531018
1.308333
3.126761
0.5877867
1.974081
2.104134
0.3364722
2.104134
1.94591
0.6931472
0.9932518
0.4700036
1.193922
1.856298
1.629241
2.734368
2.721295
0.7419373
0.5306283
1.609438
0.6931472
0.9932518
1.098612
0.3364722
1.064711
2.370244
0.09531018
2.128232
1.791759
2.397895
0.2623643
0.8329091
1.871802
1.481605
2.066863
1.064711
0.2623643
2.442347
0.3364722
0.2623643
1.280934
0.2623643
0.8329091
0.9162907
0.4054651
1.223775
0.6418539
1.335001
0.09531018
1.193922
0
0.1823216
2.580217
1.458615
2.054124
1.252763
0.8754687
0.6931472
2.151762
0.9555114
2.322388
1.648659
0.7419373
1.931521
0.5306283
0.5306283
1.589235
0.2623643
1.335001
2.660260
2.240710
0.6931472
2.424803
1.887070
2.694627
2.879198
0.6418539
1.887070
0.5877867
1.308333
1.335001
0.6931472
1.757858
2.041220
0.1823216
2.312535
0.5306283
0.2623643
0.2623643
2.041220
1.916923
2.091864
1.193922
2.014903
2.370244
0
2.747271
1.360977
2.028148
1.193922
2.533697
0.1823216
0.5306283
1.131402
1.193922
1.193922
0.8329091
0.09531018
0.4054651
0.6931472
2.587764
2.174752
1.131402
0.3364722
1.098612
2.014903
0.6931472
2.116256
1.94591
2.484907
2.451005
0.6931472
1.856298
0.5877867
2.442347
2.360854
2.302585
2.128232
2.140066
2.509599
1.098612
0.3364722
2.517696
1.386294
2.240710
0.1823216
1.791759
0.6418539
0.4700036
0.4700036
2.00148
1.757858
1.791759
0.2623643
2.351375
1.629241
2.292535
0.9162907
0.7419373
1.589235
0.09531018
0.8329091
2.797281
2.312535
1.667707
0.09531018
1.526056
0.3364722
2.415914
2.433613
0.5306283
0
0.5306283
0.09531018
1.629241
1.504077
0.4054651
2.541602
1.960095
0.7419373
1.064711
2.351375
0.3364722
0.8329091
0.7419373
0.5306283
0.9555114
1.481605
2.322388
0.7884574
2.501436
0.8754687
2.282382
1.386294
0.3364722
1.360977
0.3364722
2.912351
2.879198
0.8329091
1.609438
1.887070
3.034953
2.066863
0.2623643
1.410987
2.163323
1.308333
0.7419373
