-0.1952 -0.4712 -0.2077 0.8387 -0.4003 0.5772 -0.0759 1.026 0.6131 -0.1289
-0.5416 2.26 -0.2397 -0.2825 -0.9141 0.1664 -0.1377 0.7356 1.186 -0.4759
-0.3415 2.137 -0.3976 -0.0419 0.5119 -1.354 -0.1341 0.1384 0.3447 -0.9446
0.0727 0.3938 0.0545 0.4897 0.0421 -0.4817 -0.1374 0.8118 1.003 -0.1902
0.4222 0.03666 0.4946 0.6721 0.019 -0.781 -0.2204 -2.489 -2.711 -0.699
-0.4429 -0.6776 0.6963 -0.0721 0.0855 -0.4966 0.4199 -2.515 -2.673 -0.51389
0.659 0.4638 0.5428 0.0211 0.5364 -1.161 0.0499 -2.679 -2.488 -0.1974
0.8089 -1.513 0.2907 -0.3413 -0.647 -0.7609 0.8261 -1.684 -2.465 0.27693
0.2442 0.275 0.2042 -0.1079 -1.469 -0.6002 -0.056 -0.2016 0.2609 -0.2736
-0.5527 0.4563 -0.3846 -1.404 0.4965 -0.8388 0.3017 0.3383 -0.1324 0.112
-0.3741 3.126 -0.8032 0.3881 0.7748 -0.1258 -0.0148 -0.6118 -0.7284 -0.3546
0.2565 4 0.2254 0.4989 -0.9143 -0.0241 0.6051 1.222 0.589 0.8752
-0.5153 0.6699 -0.5958 -0.1521 -0.2089 0.0172 0.2034 0.1767 0.0762 -0.22861
0.0103 4.246 -0.0673 0.4899 -0.4752 -0.5954 0.3534 0.8725 0.3449 0.292
0.4069 -2.527 0.0203 -0.4509 -0.7888 0.9001 0.5469 -1.188 -0.708 1.124
0.1347 -3.447 -0.3102 -0.5604 -0.3242 -0.1812 -0.3382 -0.1198 -0.3531 0.3805
0.5816 2.594 0.4592 0.6671 -1.281 0.0463 0.00488 -1.162 -1.293 0.08175
0.7306 -0.942 0.5303 1.244 -0.4435 0.2815 0.0742 -0.9542 -0.0329 0.05625
0.1159 2.199 -0.4907 -0.1686 -1.424 -0.1283 0.3795 0.1126 -0.7019 0.8792
-0.1205 -2.092 0.9843 -0.10215 0.5748 0.0631 -1.423 -1.971 -0.8875 -0.9541
0.1512 -1.98 0.1008 -0.194 1.035 -1.075 -1.273 1.104 0.753 -1.025
-0.2484 -0.40399 0.0356 -0.2978 0.2467 0.1265 -0.8026 0.9253 1.022 -0.3859
0.672 2.339 -0.0744 0.1667 -0.0988 0.7022 0.394 0.2394 0.4575 -0.4816
1.109 -1.1569 0.1676 -0.8614 0.4909 0.17654 0.2904 0.1034 -0.2135 -0.3358
-0.245 -1.029 -0.3959 0.0472 0.9061 -0.05 -0.7611 -0.3047 -0.4452 -0.02125
0.0538 3.218 -0.0805 0.1046 -0.3092 -0.6471 -0.0828 -1.838 -2.201 -0.2752
0.4289 -1.449 -0.0897 0.68 1.605 -0.7886 -0.7546 -0.1627 -0.4878 -2.421
-0.2842 -0.9205 -0.0249 0.4482 0.2581 0.7118 0.4967 0.4517 0.3755 -0.2308
0.7492 0.3449 0.3444 -0.064 -1.034 -0.4384 1.394 0.03975 -0.4715 0.07805
-0.3182 0.7663 -0.7497 -0.0742 0.5441 -0.468 1.134 -0.6512 -0.0863 0.8204
-0.1788 -1.423 -0.584 0.4992 -0.1348 -0.2162 -0.0948 -0.7375 -0.5932 -0.01745
0.4271 -0.7165 -1.984e-08 -0.6742 -0.2755 -0.9327 -0.1642 1.064 0.1802 0.3472
-0.1535 -0.03135 0.0688 -0.2103 1.507 -0.6733 -0.0046 1.672 1.482 -1.095
0.4944 -0.3506 0.2075 -0.2994 0.8967 -0.041 -0.6574 0.2054 -0.5218 -0.3897
-0.0223 -1.509 0.1794 -0.7428 0.4239 0.1804 -0.1397 -0.3549 -1.507e-08 -0.2511
-0.284 1.428 -0.187 0.1578 -0.7563 0.5059 -0.2752 -0.5538 -0.9705 1.081
0.6478 -0.7111 0.3369 -0.2677 0.8269 -0.6317 -0.3334 -0.3448 -0.5322 -1.544
-0.02 3.269 -0.201 0.1147 0.4289 -0.4083 -0.3445 0.07785 -0.2607 -0.7889
0.2264 -0.6834 -0.447 0.9057 -0.2745 0.3701 0.002 -0.891 -0.9122 0.131805
-0.0771 -0.2418 -1.492 0.2283 -0.7729 -0.3226 0.8799 0.2815 -0.4756 1.451
0.3471 -1.083 0.2345 -0.9454 0.2189 -0.7204 -0.0616 -3.546 -3.157 0.16
0.2289 3.337 -0.1681 -0.2156 -1.41 0.8169 0.8814 0.4054 0.1477 2.013
0.3092 1.209 0.4022 0.1093 -0.6237 0.3078 -0.6748 0.6402 0.4401 0.40541
-0.506 4.924 -0.3736 0.8031 -0.3831 1.328 2.103 0.8864 0.8064 1.088
0.2529 2.871 -0.0701 0.5345 -0.9905 1.544 0.8753 0.8277 1.182 0.5852
-0.3103 4.063 0.2125 0.7726 -0.2281 -0.0048 0.0821 1.495 1.283 -0.7753
0.2657 -2.166 0.6408 -0.0408 -1.045 0.9674 0.4055 0.9922 0.5111 0.5462
0.7764 -2.066 0.668 -1.143 0.5055 -1.599 -1.714 -0.1975 0.2081 -2.321
0.0401 -1.902 0.1942 -0.0564 0.4255 0.541 0.6744 0.4089 0.7904 0.6921
0.0772 2.951 0.2766 0.0188 0.4728 -0.7049 -0.0404 -2.169 -1.975 -0.7679
-0.0793 -1.972 0.4966 -0.9705 2.625 -0.1498 -0.5261 1.616 2.213 -1.06
-0.6409 -1.038 -0.7204 -0.6101 -0.2208 1.022 0.0979 0.4847 0.1506 0.05175
0.0011 -1.284 -0.1383 -0.3424 1.304 -1.156 -0.3773 -2.383 -2.223 -1.418
-0.1896 2.865 0.5947 1.164 -0.7467 0.7821 0.815 1.652 0.8049 -0.2278
-0.3679 0.3758 -0.2737 -0.3607 -0.5548 -0.0346 0.4494 0.04085 -0.3451 -0.08485
0.6459 -1.295 0.6472 -0.4944 -0.8696 0.6192 -0.2147 0.5687 0.2088 -0.5158
-0.1272 0.3423 -0.4859 0.4885 -0.5726 1.117 0.9714 0.3892 0.3845 0.6302
-0.3799 3.66 -0.3837 0.0914 -0.5001 0.3603 -0.1347 0.05295 0.2609 -0.5704
-0.3456 3.791 0.204 0.2597 -1.328 -0.4551 0.1456 -1.22 -1.878 -0.8016
-0.0263 -2.169 0.2226 -0.9709 1.079 -0.9023 -1.292 -2.603 -1.342 -0.35976
-0.4438 -0.8735 -0.1467 0.3845 0.2255 -0.1057 0.1254 0.8982 0.889 0.0003502
0.6208 2.093 -0.0127 -0.1908 1.26 -0.5473 -0.3897 -0.2139 -0.3296 -0.7651
0.3292 3.421 -0.0772 0.5608 -0.5201 0.45 0.1402 -0.3312 -0.1553 0.1936
0.421 -1.909 0.0483 0.6473 -0.265 1.162 0.6297 0.8711 0.4741 0.9358
0.6285 -0.9808 0.3658 0.8452 -0.5892 -0.5061 -0.0218 -2.742 -2.327 -1.115
-0.5997 -0.2877 -0.2347 -0.2742 1.051 -0.4056 0.6032 -0.7531 -0.488 -1.249
-0.2231 3.879 -0.1544 -0.3977 -1.231 1.207 0.9477 0.8717 0.4199 1.295
-0.518 -1.724 -0.2594 -0.3878 0.1312 0.844 -0.2563 0.1021 0.3953 0.4494
-0.4851 3.953 -0.0477 -0.2422 -0.7556 1.28 0.9173 0.7758 0.4061 1.609
0.0844 -1.824 0.3102 0.6995 1.002 -0.7153 -0.2883 0.9504 1.231 0.6984
0.27127 3.236 -0.1307 -0.2659 -0.2446 -0.367 -0.5658 0.62 0.2282 -0.4892
0.5835 -1.043 -0.9158 -0.1618 -0.2937 -1.209 -0.4314 -4.007 -3.49 -1.061
-0.0573 0.1439 0.2124 2.238 -1.021 0.4021 0.0813 -0.4231 -0.3856 -0.06555
-0.0033 2.414 -0.1941 -0.7554 -0.2629 0.3399 0.3428 0.4585 0.1706 0.167
0.1163 4.105 0.3933 0.6416 0.3313 1.348 2.659 -0.02435 0.1168 1.644
-0.3723 -1.921 -0.1668 -0.3355 -1.065 0.3636 0.2559 0.9081 1.025 0.2576
-0.4617 2.697 -0.1077 -0.3831 -0.9314 1.321 0.5673 1.09 0.6456 1.002
-0.1113 -0.1695 0.3305 1.01 0.5542 0.0852 0.091 -2.402 -1.69 0.1507
-0.1696 -2.009 -0.1939 -0.2821 0.108 0.9576 -0.0455 -0.4793 0.4858 -0.5789
-0.3556 -0.8698 -0.4036 0.0044 1.288 0.2211 -0.1879 0.727 0.5913 0.28
0.2095 -1.481 0.2516 -0.2797 0.4861 0.1237 -0.5154 0.8181 1.258 -0.3026
0.2847 -0.50145 0.2879 -0.442 2.209 -0.1799 -0.2719 0.1228 -0.0337 -0.2563
-0.0289 -0.7626 0.2627 -0.3044 0.8757 0.1054 -0.0116 -0.793 -0.1995 -0.0003498
-0.068 -2.666 -0.7327 0.502 1.018 -0.5137 0.1853 -0.4165 0.4176 -0.3203
0.0736 3.499 0.1654 0.3962 0.0539 -0.4656 -0.4826 2.267 0.9369 -0.6825
0.1607 -0.8249 0.7448 -0.7811 1.511 -1.084 -0.454 0.9978 1.379 -1.3
0.2136 -0.4481 -0.1766 -0.3137 0.2839 0.5801 0.6326 -0.5028 0.0502 -0.6261
-0.2751 0.1927 0.0731 0.0589 0.8848 0.066 -0.4445 -0.6796 -0.5977 -0.5728
-0.135 3.41 0.2444 0.4017 -0.8378 -0.4739 0.1493 -0.3501 -0.8264 0.5911
0.4182 0.915 0.1769 -0.1768 -0.1773 -0.2614 -0.2415 0.262 0.9305 -0.1752
0.3435 -1.058 0.1968 -0.3994 1.972 -0.4124 -0.4556 -0.1188 0.3026 -1.18
0.1119 -1.062 0.2956 0.26904 2.074 1.501 0.19276 0.9257 1.095 -1.844
0.6639 -0.7757 0.3669 -2.613 1.832 -1.606 0.1316 -2.003 -1.789 -1.534
-0.5239 0.1113 -0.0377 0.2974 0.0016 0.18689 0.8928 1.039 0.6006 0.3681
-0.3547 3.898 0.1055 0.8108 -0.1063 1.77 0.5546 0.4873 1.488 0.245
0.3159 -1.176 0.0741 0.3719 0.4331 0.4729 -0.3527 0.8928 0.6025 -1.053
-0.3455 1.425 -0.6135 -0.26954 -0.3987 1.083 1.26 -0.4398 0.5417 0.4339
0.582 1.856 0.212 -0.0396 -0.0386 0.4385 0.5165 -0.2 0.1629 0.1928
0.1141 -1.16344 0.2165 0.2185 0.5027 0.1336 -0.5854 0.1458 0.0721 -0.18564
-0.355 -0.5445 -0.2267 -0.2673 1.399 0.0747 -0.2407 -0.9918 -0.4205 -1.19
0.2837 -0.9221 -0.0435 -0.0347 -0.6652 0.187 0.1023 -0.3879 -0.4435 0.505
-0.2273 0.1002 -0.1462 0.05 0.2921 0.9709 0.7144 -0.7342 -0.1835 -0.384
-0.5967 1.297 -0.0998 0.0582 -1.076 0.5803 1.449 0.7805 0.1568 0.5781
0.2494 -0.91818 -0.4445 -1.277 -0.3172 -0.2453 -1.028 -0.3707 -0.7422 0.4438
-0.3611 -0.00505 -0.3135 0.1787 -0.1367 0.3236 -1.171 0.674 0.4222 0.07605
0.0812 0.95143 0.6675 0.165 -1.441 0.7138 0.7712 -1.058 -1.031 0.48609
0.2207 -0.19558 -0.2792 0.9595 -0.5674 -1.242 0.2025 -1.259 -1.466 -1.11094
-0.1144 2.235 -0.1621 0.123 -0.7582 0.0734 0.6415 0.4975 -0.2871 -0.866
0.2275 -1.633 0.5276 -0.1657 1.918 -0.5038 -0.4274 1.812 1.483 -0.5534
0.1437 -1.251 0.1217 0.3385 0.398 -0.4485 -0.2719 -3.031 -2.353 -1.141
-0.2604 3.549 -0.0893 0.2572 -0.1588 0.2894 1.469 -0.5386 0.3637 0.7468
-0.5161 -0.88393 -0.1873 0.5122 -1.061 0.3233 -0.0737 -1.267 -0.976 1.878
-0.0581 -0.9824 -0.3184 -1.182 0.1443 -0.6237 -1.187 -3.29 -1.83 -0.8397
-0.5148 2.451 -0.6052 -0.1007 0.2349 1.443 -1.946 -0.09265 0.2877 -0.3827
-0.3378 3.261 -0.6312 1.557 -0.8 -0.3068 0.5505 0.5022 0.2683 0.5264
-0.3164 3.059 -0.138 0.2296 0.2548 0.1455 0.2469 1.026 0.58 0.6315
-0.1057 0.1816 -0.5581 2.332 -0.791 0.2111 0.2683 -1.248 -1.203 0.7083
-0.6916 -0.08935 0.2005 -0.18293 1.041 0.3379 -0.8912 -0.754 0.0464 -0.6899
-0.3537 0.04395 0.1059 -0.29242 0.2797 0.0412 -0.6974 -3.401 -0.9725 0.8956
-0.146 -1.036 0.3963 1.261 0.8645 -0.166 -1.031 -0.03945 -0.2779 -0.2417
0.6562 -3.214 0.0242 0.60158 -0.2876 0.3886 1.745 1.104 0.7557 1.324
0.5631 1.533 0.4514 0.36935 -1.754 1.639 1.756 0.8046 1.262 0.6031
0.2979 -1.443 0.2882 2.245 -0.8239 0.9716 0.8338 0.8223 0.3096 1.979
0.005 -0.7133 -0.1302 -0.06231 0.0544 0.955 1.873 -0.03555 -0.2428 1.645
0.4665 3.21 0.2514 0.0926 0.7598 -0.2298 -0.3038 -0.4806 -0.2833 0.6533
1.571 0.8888 0.93 -1.318 1.33 -1.587 0.2331 -1.799 -1.344 -2.285
0.3699 1.61 0.1039 2.602 -0.5128 -0.5389 -0.0301 1.232 0.8146 0.6446
-0.2254 -1.893 0.9039 -0.09795 0.6399 -0.4367 0.26547 -0.6688 -0.5339 0.1102
-0.1929 -0.59883 0.3464 -0.04488 -0.0366 0.7247 -2.009 1.047 0.8379 0.399
-0.2656 -1.507 -0.0437 -3.477 0.6153 -0.0451 -0.2349 1.187 0.1828 -0.18737
0.0135 -0.6437 -0.4026 -0.9648 -0.7035 0.0249 -0.5311 1.475 1.342 0.08915
0.01218 4.413 0.0781 0.13828 0.5104 1.009 -1.148 1.89 2.202 0.08428
-0.4949 -1.725 -0.4558 0.0051 -1.028 0.4154 1.048 -1.598 -1.226 -0.03004
-0.1958 -0.0744 -0.6887 0.04963 -0.1865 1.819 2.231 0.8782 0.4437 0.67708
-0.1733 4.45 -0.7421 0.06424 0.3304 0.3918 -0.024885 1.288 1.151 1.696
-0.3976 3.062 -0.4397 0.6585 -1.199 -0.4828 -0.0954 -0.3378 -0.72 0.7136
0.0688 -1.323 0.1713 -0.9176 0.4433 0.0335 -1.082 0.1705 0.4229 0.44532
-0.9185 3.786 -0.297 0.2396 -2.371 -0.573 0.5525 1.32 0.5968 0.5253
-0.554 4.889 -0.0205 -1.631 0.9797 0.1893 0.9508 0.6245 0.1047 1.05
-0.8006 -0.1664 0.6665 0.18278 -0.2538 0.5946 0.2137 -0.3078 -0.6159 0.28414
0.1892 -0.3212 -0.0669 1.781 0.5776 -0.4429 -0.5333 -1.116 0.5181 0.6367
-0.7001 1.613 -0.5437 0.3393 -1.703 1.511 2.297 -1.015 -0.6 2.809
0.5191 0.04835 -0.0417 -0.4667 1.331 -1.587 -0.6557 -0.2845 -0.2897 -1.442
0.5015 -2.813 0.3756 -1.802 0.4098 -0.1239 0.032 0.7172 -0.2319 1.405
0.0328 5.102 0.442 1.182 2.113 -0.173 0.7016 0.9124 1.466 1.973
1.068 -2.766 0.2573 -0.0384 1.068 0.1626 0.0383 -0.7792 0.2463 0.1792
-0.3827 -0.80724 -0.0687 -0.4534 -0.2048 0.1404 0.4621 0.0008499 0.391 0.9159
-0.0575 -0.15788 -0.1012 1.248 -0.8584 0.7096 0.8084 0.3539 0.4093 0.5994
0.4329 6.117 0.6775 1.469 -1.026 -1.837 -0.2689 0.8118 0.3743 -0.05445
-0.0501 -1.355 0.2584 0.9902 -0.8796 0.6201 1.296 -1.101 -0.9828 1.465
-0.3321 3.015 -0.4262 0.4556 -0.54053 0.1268 -0.09657 -1.887 -4.644 0.8937
1.621e-09 2.675 -0.0551 0.294 -1.678 1.495 2.043 -0.2931 0.141 1.355
0.3124 -0.03065 0.0902 1.922 0.2898 -0.65 0.3082 0.6005 0.6476 -0.34519
-0.101 0.5823 -0.0528 0.5073 -0.3557 0.0802 -0.0325 -0.2687 -0.8837 0.6294
-0.0186 2.991 0.126 -1.257 -0.5682 -0.2328 -0.5987 0.5095 0.2021 -0.3271
-0.1752 -1.37838 0.1139 -0.7589 -0.2833 1.495 1.617 -0.3771 -0.3873 1.81
-0.1448 3.2 -0.5469 1.228 -1.134 0.6609 0.7062 1.315 1.182 0.6322
0.4806 -1.927 -0.0797 -0.24348 0.9471 -0.3373 -0.2456 0.00345 0.2129 0.6046
-0.3838 2.136 -0.1144 0.6631 -0.9149 0.8097 1.724 0.00355 -0.382 1.594
0.1667 3.151 0.324 0.13008 -2.878 -0.3134 1.796 0.5525 0.0883 1.93
-0.0921 -0.4577 -0.5339 -0.3071 -0.2165 -0.0281 0.0509 -0.5164 -0.9523 0.4932
0.3398 3.739 -0.1735 -0.4593 -0.8724 1.101 1.755 -0.1131 -0.2002 0.5141
0.014 -0.7322 0.1228 0.3084 -0.5655 -0.7991 -3.099e-09 0.2667 -0.4798 -1.101
0.2503 2.681 -0.12313 0.7295 -0.5127 0.0447 0.7012 -0.6904 -0.9692 1.649
0.6619 3.741 0.5381 -0.274 0.0523 1.19 0.3542 1.535 0.6427 0.2161
0.3822 4.84 0.8552 -0.0961 -0.2266 0.3435 -0.0843 1.218 0.4889 0.69527
-0.2797 0.6235 -0.0854 0.2999 -1.107 0.4023 2.059 -1.021 -0.908 1.293
0.5437 1.232 0.2849 0.0841 -0.5321 0.3279 0.6727 0.143 0.5401 0.60908
0.2051 -0.9831 -0.531 0.0123 0.1284 -1.028 -0.84737 -2.706 -2.872 -1.19715
0.0507 -0.27154 0.0996 -0.7741 0.8608 -0.0918 -0.249 1.954 1.773 -0.4537
-0.0305 3.456 0.2433 0.4077 -1.1 0.0327 -0.0276 0.1819 0.0238 1.049
-0.427 -0.04715 -0.2172 -0.6156 0.2813 -0.5156 -1.187 -1.403 -1.216 -0.8168
0.3169 -0.46175 -0.0253 -1.168 0.9797 -0.7943 -0.7281 -1.426 -0.8872 -0.8891
0.2023 0.06845 -0.1597 -0.5622 0.6832 -1.379 -0.2515 -1.365 -1.757 1.555
0.2752 -0.08475 0.1786 -1.421 -0.1624 0.1071 0.8361 0.9283 1.002 0.2712
0.538 1.182 -0.5774 0.8611 0.8749 -0.495 -0.1681 1.883 1.033 -0.4832
0.3172 -2.626 0.0872 0.3713 0.5206 -0.6039 -0.7038 -1.579 -1.631 -1.2
-0.4612 0.4991 -0.1615 -0.0981 -1.137 0.299 0.9832 -0.2165 0.0451 0.574
0.5783 -0.6633 0.0202 -0.3026 1.155 -1.433 -1.347 -2.211 -1.904 -2.374
0.1529 -0.6065 0.364 -0.7833 1.101 -0.6911 -0.814 0.9421 0.7836 0.09465
-0.5073 2.077 -0.8493 -0.8462 1.177 -0.8664 -0.5377 0.07765 -0.1339 0.9013
0.5391 -0.3978 0.0728 -0.3458 0.6524 -0.737 -0.2368 -1.804 -1.652 0.6247
-0.0312 2.513 0.3778 -0.2951 -0.794 0.11273 1.221 1.767 1.634 0.6543
-0.1159 4.001 0.4393 -0.0843 -0.2223 -1.511 -0.7525 1.094 0.3129 -0.2003
0.5199 -0.18622 0.3854 -0.7155 0.5034 0.093 0.6592 0.1133 -0.8042 -0.4491
-0.3466 -0.4504 0.1641 -0.5005 -0.4959 0.37468 -0.7497 1.097 0.8557 1.01
0.0958 2.609 0.0087 0.1478 -1.616 0.1073 0.6895 1.382 1.196 -0.134285
-0.4277 4.409 -0.0239 0.9895 -1.3 0.0517 -0.3331 -0.2402 -0.7876 0.04725
-0.1214 -1.69 0.2947 -0.6981 -0.4733 0.35 -0.7819 0.3275 0.4099 -0.5478
0.7655 -0.4876 0.3087 0.2264 -0.0016 -0.8706 -0.5138 -0.7392 -1.518 -1.153
-1.278 1.788 -0.1232 0.2221 -0.3168 1.68 1.474 0.573 0.6496 1.646
0.6638 -0.23818 0.8033 -0.2575 0.4643 0.2704 -0.4943 -0.2365 -0.6616 0.16381
-0.1392 3.831 0.2468 -0.0675 0.3046 0.1333 0.7773 -0.3573 0.0638 0.7486
0.4916 4.436 0.5766 -0.1098 -0.3433 -0.0514 0.452 1.457 0.4023 -0.1907
-0.2075 4.821 -0.1749 -0.074 -0.0389 -0.3699 0.1769 1.396 0.9167 -0.09725
0.4355 5.001 0.2832 -1.144 0.2024 0.3632 0.1355 -0.9115 0.3928 0.28143
-0.3142 0.3264 -0.3131 0.7305 -0.5426 -0.557 -0.3866 -1.396 -1.649 -1.162
0.0176 -1.384 0.0501 -0.2167 0.2162 0.1845 -0.5038 -0.7552 -0.5103 -0.4693
0.3389 0.00505 -0.0236 0.5836 0.006 -1.157 -0.9477 -2.285 -1.93 -0.8654
0.0612 2.668 0.4863 -0.4765 0.9084 0.3592 0.2673 0.384 0.5642 0.6637
-0.1055 3.743 -0.1203 0.9836 -0.6907 0.3868 0.2619 1.056 0.4825 0.2345
-0.4599 -1.333 -0.2074 -0.105 0.8536 0.5815 0.6664 0.09305 0.6646 -0.1389
0.2953 0.9502 -0.0522 0.0071 0.2885 -0.3294 0.2055 1.741 1.314 0.3821
-0.1104 1.759 -0.2344 0.2508 0.1834 0.5555 0.5662 -0.8487 -0.1604 0.7171
-0.0532 3.13 0.187 -0.3237 -0.5489 0.4544 1.136 -0.579 -1.158 1.557
0.3746 -1.098 0.1281 0.2199 0.1868 -0.4581 -0.3392 -1.35 -1.284 -1.145
-0.0439 1.931 -0.3761 -0.3616 -0.0982 0.618 0.4345 -0.6642 -0.5789 0.3359
0.7527 -2.399 -0.1124 0.1573 0.3373 -0.0736 0.028 -1.173 -0.5987 0.8371
0.072 2.075 0.2951 0.7419 -0.46 1.029 1.048 1.345 1.115 0.7745
0.5396 -1.859 0.291 0.8365 0.2776 0.8414 1.125 1.605 1.265 0.3482
-0.3305 -1.107 0.2154 0.2744 0.5489 -0.9609 -0.3157 0.7183 1.847 -1.545
-0.0379 -0.9029 -0.0777 -0.0719 1.06 -0.611 -1.005 -2.285 -2.131 -0.4699
-0.0829 4.001 0.1319 0.0093 -0.0142 -0.9468 0.9362 1.123 1.172 0.05245
0.4506 -0.5802 -0.0101 -1.283 1.255 -0.4791 0.1019 -0.6402 -0.7489 0.1892
0.1387 -1.497 -0.0536 -0.9007 1.996 -0.4382 0.441 -0.5485 -0.8824 -0.5618
0.1789 -1.512 0.3422 0.0389 0.902 1.755 1.11 1.379 1.051 1.294
-0.2982 2.24 -0.4653 -0.5152 -1.04 -0.4461 -0.4957 1.103 0.7736 -0.2563
-0.0722 -1.427 -0.0441 -0.7591 1.293 -0.411 -0.5379 0.04285 -0.2389 -0.359
-0.2474 0.5468 -0.3926 -0.5505 -0.1197 0.4865 -0.0019 -1.469 -0.9156 -0.5995
-0.4538 -1.214 -0.5048 -0.53019 1.253 -0.6348 -0.6763 1.143 0.8098 -0.9204
0.3009 -1.04607 -0.1672 -0.2902 0.1933 0.2468 -0.1795 0.1257 0.2917 0.6106
0.0389 0.46643 0.3542 0.3514 -0.4656 0.1664 1.003 -0.0008501 0.2591 -0.08772
0.006 0.91791 0.2466 -0.3164 -0.1542 -0.2858 0.5425 1.242 0.7876 0.47924
0.1597 3.846 -0.4534 -0.08511 -0.1471 0.1831 -0.274 0.3494 0.2524 -0.3199
-0.1112 -1.91 0.4995 0.8651 0.7722 -0.9169 0.0869 -0.6711 -1.324 0.2831
-0.1514 4.078 -0.2789 0.9189 -1.075 -0.6107 0.8574 -1.125 -0.5348 0.334
-0.2114 -1.203 -0.496 0.0551 0.807 -1.483 -1.565 -2.808 -1.842 -2.308
-0.167 -1.351 -0.0366 -0.4436 0.3525 0.1707 -0.0669 -2.021 -1.061 -1.537
-0.9001 0.7279 -0.1446 -1.229 0.4131 0.7102 -0.6485 -0.07985 0.2159 0.5536
-0.559 0.9774 0.0099 0.2596 0.405 0.5424 -0.7047 1.27 0.8868 0.52182
-0.5718 -1.666 0.2159 -0.9728 1.904 0.3089 -0.5004 1.642 1.247 -1.235
-1.646 -0.9515 -0.0514 -0.20784 -0.3189 0.0413 -0.2452 -1.105 -1.42 1.298
0.2938 -2.83 -0.0216 -0.475 0.0387 0.4176 0.031895 -1.306 -1.305 1.906
-0.2171 2.247 -0.407 0.2129 0.1842 0.9294 0.1489 -1.014 -0.5483 -0.6492
0.1683 3.85 -0.1336 0.2111 -1.197 -0.6217 0.2685 1.064 0.6546 0.1465
0.4493 -2.405 0.365 0.21548 -0.3314 -0.0466 -0.6896 1.353 1.304 -0.8062
0.074 -0.09534 -0.0094 0.11332 0.2085 0.1445 -0.4829 0.9725 0.3429 -0.012985
0.0204 -2.429 -0.4394 -0.6201 0.0103 0.9293 1.411 0.1813 0.2805 2.135
-0.7195 0.43609 -0.0234 0.05122 -1.29 0.416 -0.5022 -1.051 -0.7364 0.6694
0.0116 0.6597 -0.4196 0.4802 -0.5742 1.358 1.059 0.5077 -0.359 1.565
